2222222|  1|121|121|121|  1|  1|121|121|  1|  2|        print '1' (00110001)
2222222|  1|  1|121|121|121|121|121|121|  1|  2|        print '2' (00110010)
2222222|  1|121|121|121|121|121|121|121|  1|  2|        print '3' (00110011)
2222222|  1|  1|121|121|  1|121|121|121|  1|  2|        print ' ' (00100000)
2222222|121|121|121|121|  1|121|  1|121|  1|  2|        print 'p' (01110000)
2222222|121|  1|121|121|121|121|121|121|  1|  2|        print 'r' (01110010)
2222222|  1|121|  1|  1|  1|121|121|121|  1|  2|        print 'o' (01101111)
2222222|121|121|121|  1|121|121|121|121|  1|  2|        print 'g' (01100111)
2222222|  1|121|  1|121|  1|121|121|121|  1|  2|        print 'r' (01110010)
2222222|  1|  1|121|121|  1|121|121|121|  1|  2|        print 'a' (01100001)
2222222|121|121|  1|  1|121|121|121|121|  1|  2|        print 'm' (01101101)
13